natom: 5
nconfig: 44623.0
order: 4
symmetry: 2 2 1
ncoeff: 323
nmonomial: 52
train_x: points.dat
wt: 1.e10
a0: 3d0
rmse:    0.0001163307

wrmse:    0.0001163307

